11.7987							      	665962
15.6078							      	804738
16.8195							      	817117
11.7002							      	667457
12.531							      	663347
15.6475							      	802544
16.129							      	819802
11.7684							      	665000
11.6168							      	667651
15.1805							      	800892
17.6561							      	822562
11.4019							      	664136
11.9189							      	663385
16.0362							      	798230
16.0763							      	818004
11.5681							      	662081
19.7502							      	662637
15.5355							      	806539
15.8243							      	821544
11.16							      	668250
13.0345							      	663874
15.5772							      	801823
16.2306							      	818114
11.3338							      	663786
11.5693							      	668819
15.8559							      	798630
16.077							      	819714
11.6406							      	659723
11.6879							      	664649
15.4282							      	805797
16.1491							      	819745
11.2908							      	671340
11.3591							      	669315
15.9951							      	804795
17.0154							      	818908
11.179							      	668178
11.6526							      	664287
15.688							      	802454
16.4822							      	815271
11.7621							      	661223
11.6672							      	664459
15.4835							      	798722
16.7267							      	820133
11.624							      	668664
11.6175							      	661994
15.3587							      	802845
16.044							      	821846
11.3323							      	665252
11.7211							      	662942
15.4859							      	802990
16.3677							      	824283
11.4744							      	662839
11.8487							      	664919
15.6107							      	797731
15.8069							      	820478
11.2979							      	658007
11.7564							      	663817
15.541							      	797783
17.0808							      	819743
12.3383							      	661733
36.0835							      	663562
15.7731							      	798800
15.8485							      	822127
11.1223							      	666914
12.4756							      	660221
16.3073							      	799764
16.9154							      	822327
12.3991							      	657394
11.7097							      	665528
16.6175							      	800274
15.9862							      	818149
11.2491							      	664158
12.0396							      	664001
16.1483							      	799878
16.1754							      	821353
32.8124							      	663041
11.9903							      	663036
16.0966							      	803422
16.3731							      	822092
11.9109							      	660189
11.9452							      	664600
9.66713							      	808509
17.1584							      	817437
11.5856							      	664571
11.8809							      	666913
15.8264							      	797351
16.5976							      	816830
11.4465							      	666261
12.2163							      	665461
16.2477							      	800076
16.083							      	821536
11.5841							      	664139
11.7192							      	666777
15.5412							      	802674
15.9575							      	816875
11.0946							      	670884
11.7391							      	668389
15.3244							      	801328
16.9828							      	816831
11.5186							      	667912
11.8553							      	668159
15.9975							      	799798
16.5647							      	818386
11.3678							      	667215
11.8375							      	664926
15.6273							      	800393
17.2328							      	816855
11.4451							      	670339
11.5145							      	670155
15.442							      	801500
16.8771							      	823647
11.5946							      	664410
11.7574							      	667053
15.7901							      	801231
16.1462							      	821653
11.8786							      	656763
11.5349							      	663420
15.8349							      	802817
17.0659							      	812767
11.5311							      	662683
11.6272							      	667676
15.9587							      	803022
15.809							      	811142
11.3299							      	667866
11.5119							      	666844
15.7014							      	801714
16.1993							      	819118
11.2353							      	669254
11.8388							      	664464
15.8903							      	797444
16.8866							      	816635
11.7656							      	658494
11.6656							      	666166
15.256							      	805288
16.284							      	817737
11.2608							      	659269
11.3609							      	669138
15.0724							      	801659
15.7254							      	819883
11.0887							      	667137
11.5796							      	669283
15.7326							      	802443
16.2654							      	817360
11.9706							      	661339
12.5527							      	663043
15.2276							      	794816
16.8155							      	823258
11.4149							      	664258
12.0766							      	663720
15.8403							      	799492
17.5981							      	818338
11.5562							      	665220
22.1544							      	661378
12.0874							      	804829
15.4826							      	816649
10.9756							      	664841
35.9173							      	665455
15.288							      	801766
16.1119							      	822671
11.4758							      	663216
12.3041							      	666616
15.2521							      	800945
16.1784							      	819014
11.3541							      	663399
11.863							      	664907
15.2269							      	795055
16.8058							      	821320
11.5113							      	663369
13.7629							      	666975
15.2298							      	801234
15.7366							      	822774
11.2174							      	670346
12.0583							      	663598
15.8147							      	801926
15.7665							      	821852
11.2676							      	665752
11.7262							      	670282
15.6965							      	806129
15.8385							      	820080
11.663							      	660842
11.4393							      	667578
15.6585							      	798745
16.5194							      	818426
11.4044							      	663854
11.9518							      	662532
15.5785							      	798254
16.1043							      	821756
11.3142							      	667176
12.1981							      	666031
15.3541							      	799680
16.9157							      	817076
17.4885							      	667121
11.83							      	660487
12.1585							      	801534
16.3931							      	820708
11.1599							      	665780
11.9377							      	663366
16.555							      	802357
16.3592							      	819296
14.948							      	662876
11.4625							      	668747
16.4882							      	802712
16.0941							      	820000
31.9435							      	665040
11.6125							      	669814
15.3871							      	800464
16.6008							      	820317
11.4717							      	659916
12.9048							      	664130
16.7163							      	800849
17.8285							      	813151
11.5916							      	658383
12.0202							      	663072
15.5845							      	806755
16.307							      	817906
11.3942							      	669369
11.8465							      	668763
15.2451							      	802236
16.5219							      	819934
11.6291							      	662012
11.6539							      	660430
15.4529							      	803424
15.8335							      	821817
12.0544							      	659237
11.6396							      	665152
15.3411							      	802963
16.6358							      	821266
11.4613							      	665441
11.902							      	663221
15.747							      	803433
15.8396							      	817497
10.7179							      	664747
11.6572							      	668304
15.6532							      	804598
17.1196							      	821115
20.0255							      	661072
11.4765							      	665925
15.219							      	805882
16.1594							      	815428
11.3692							      	662945
11.8594							      	663928
16.1808							      	799668
16.6602							      	821609
11.5332							      	660173
11.9081							      	662718
15.9127							      	801288
16.325							      	815644
11.1836							      	665425
11.4505							      	666855
15.321							      	801245
15.8323							      	814424
11.2948							      	663168
11.6377							      	661825
15.8977							      	804792
16.8616							      	820948
11.919							      	659638
11.6931							      	662183
15.4429							      	803952
16.2615							      	817444
11.2996							      	664382
12.692							      	663975
15.4407							      	801448
15.7445							      	818021
11.1849							      	667460
11.7541							      	664391
16.0659							      	801714
16.5602							      	819929
11.5849							      	667401
13.179							      	663303
15.7583							      	802808
16.2668							      	817484
11.9216							      	663598
11.5344							      	668783
15.8009							      	799397
16.5506							      	818528
12.7165							      	658400
11.4921							      	667373
15.7904							      	796592
17.3128							      	822103
11.4334							      	660329
11.5123							      	663333
15.793							      	796578
16.0427							      	818224
11.4749							      	659239
11.681							      	666986
15.2297							      	801274
15.4179							      	814059
11.2333							      	673591
11.6406							      	664406
15.7716							      	801475
16.0821							      	818385
11.4388							      	661914
11.7308							      	663324
15.5508							      	803090
15.8351							      	815836
10.9782							      	663492
11.6368							      	664583
15.009							      	799445
15.9809							      	818041
11.5179							      	663563
11.6583							      	665515
15.5631							      	800525
15.9809							      	824339
11.5055							      	667720
11.8791							      	664897
15.834							      	805944
16.4676							      	818236
11.4656							      	658528
11.6217							      	668202
15.6001							      	801829
16.1034							      	820178
11.4374							      	665518
11.8762							      	670965
15.7434							      	796395
16.3487							      	816459
12.0269							      	662854
11.6678							      	668820
15.7425							      	803427
16.7735							      	819775
11.4964							      	666028
12.5349							      	665748
16.0529							      	803255
16.7488							      	816778
11.4022							      	663786
11.8303							      	667042
15.4075							      	797604
19.2712							      	818582
11.4384							      	663740
12.1416							      	661861
15.8256							      	801284
15.963							      	825871
11.2444							      	663654
11.7056							      	668604
15.4614							      	802378
16.4954							      	816582
11.2539							      	668951
11.7545							      	665935
15.38							      	800086
16.1278							      	821042
11.5973							      	660659
11.6693							      	666349
15.5384							      	798376
16.4959							      	817743
11.4558							      	666194
11.5678							      	663109
15.4735							      	804128
16.1625							      	820650
11.8488							      	659917
12.4055							      	665791
15.4519							      	800796
16.4947							      	816381
11.4139							      	661665
11.6561							      	672431
15.4001							      	805832
16.2371							      	816502
11.2281							      	659837
11.7132							      	666310
15.5137							      	799183
16.0413							      	822949
11.2602							      	670131
11.9453							      	666615
15.7025							      	801522
17.0962							      	811704
11.2628							      	662112
11.7406							      	667851
15.6135							      	801576
16.5934							      	822863
11.5247							      	663162
11.7487							      	667251
16.0055							      	805087
16.4157							      	823424
11.5227							      	659356
11.7859							      	663296
16.378							      	807641
15.4783							      	819400
10.9612							      	663134
11.5343							      	668661
15.3816							      	799786
17.3117							      	822440
11.8563							      	663912
11.643							      	668021
15.4162							      	801892
16.4866							      	818794
12.668							      	663039
11.2972							      	670117
16.0342							      	797551
16.5605							      	816882
11.446							      	662352
11.7654							      	665324
15.5969							      	797676
16.6003							      	821891
11.6407							      	663619
11.7488							      	666635
15.179							      	801874
16.4199							      	817806
17.372							      	657731
11.84							      	666318
15.5772							      	799644
16.5417							      	817404
11.5194							      	660614
11.6988							      	669740
15.4915							      	796250
15.5265							      	819705
11.1317							      	660988
11.7593							      	667587
15.5395							      	801921
16.646							      	816722
11.3554							      	661571
11.6774							      	664913
17.2897							      	801999
16.3433							      	816831
11.782							      	653740
11.4549							      	664438
15.7027							      	803217
16.7364							      	812992
11.8037							      	660087
11.7091							      	659665
15.6669							      	801636
18.1318							      	820841
11.5725							      	669543
12.0148							      	663589
15.462							      	800805
16.417							      	818946
12.7225							      	660913
11.7885							      	667164
15.527							      	803806
16.681							      	817339
12.0822							      	660985
11.8257							      	662455
15.9106							      	800697
16.6026							      	820530
11.5612							      	661736
12.0533							      	664089
10.5293							      	801898
16.7891							      	823599
10.7908							      	665845
11.7947							      	665325
31.6308							      	798813
16.8129							      	818671
11.7356							      	662020
11.9572							      	665635
15.2262							      	802465
15.776							      	821759
11.3732							      	669772
